C:\Users\USER\Downloads\images\test\s_1.jpg
795 1193

1 0 596 
0 1 397 
0 0 1 

0.993508 -0.0257352 0.110812 
-0.000326888 0.973426 0.229001 
-0.113761 -0.22755 0.967099 

1080.08

C:\Users\USER\Downloads\images\test\s_2.jpg
795 1193

1 0 596 
0 1 397 
0 0 1 

0.994168 0.000318904 0.107846 
-0.000317022 1 -3.47849e-005 
-0.107846 1.87485e-007 0.994168 

1087.52

C:\Users\USER\Downloads\images\test\s_3.jpg
795 1193

1 0 596 
0 1 397 
0 0 1 

0.994508 0.0207757 0.102575 
0.00487007 0.96985 -0.243654 
-0.104544 0.242815 0.964423 

1091.09

C:\Users\USER\Downloads\images\test\s_4.jpg
795 1193

1 0 596 
0 1 397 
0 0 1 

0.994881 0.0508923 0.0872993 
-0.00625787 0.893289 -0.44944 
-0.100856 0.446593 0.889035 

1094.17

C:\Users\USER\Downloads\images\test\s_5.jpg
795 1193

1 0 596 
0 1 397 
0 0 1 

0.995152 0.0646804 0.0740923 
0.000770562 0.748184 -0.663491 
-0.0983495 0.660331 0.744507 

1094.52

C:\Users\USER\Downloads\images\test\s_6.jpg
795 1193

1 0 596 
0 1 397 
0 0 1 

0.995333 0.0804323 0.0533252 
-0.000930449 0.560545 -0.828123 
-0.0964991 0.824209 0.558004 

1099.74

C:\Users\USER\Downloads\images\test\s_7.jpg
795 1193

1 0 596 
0 1 397 
0 0 1 

0.995228 0.0907875 0.035757 
0.00256138 0.342022 -0.939688 
-0.0975417 0.935296 0.340158 

1101.2

C:\Users\USER\Downloads\images\test\s_8.jpg
795 1193

1 0 596 
0 1 397 
0 0 1 

0.995377 0.0949335 0.0146027 
0.0018813 0.132733 -0.99115 
-0.0960316 0.986595 0.131941 

1106.81

C:\Users\USER\Downloads\images\test\s_9.jpg
795 1193

1 0 596 
0 1 397 
0 0 1 

0.995577 0.0928077 -0.0146079 
-0.00248205 -0.12945 -0.991583 
-0.0939175 0.987233 -0.128647 

1109.01


