C:\Users\USER\Downloads\images\test\denny00.jpg
480 640

1 0 319.5 
0 1 239.5 
0 0 1 

0.999358 -0.0341343 0.0108873 
0.0248526 0.87931 0.475601 
-0.0258076 -0.475025 0.879594 

650.809

C:\Users\USER\Downloads\images\test\denny01.jpg
480 640

1 0 319.5 
0 1 239.5 
0 0 1 

0.998768 -0.0488268 0.00888032 
0.0488248 0.998807 0.000434118 
-0.0088909 1.21417e-007 0.999961 

646.527

C:\Users\USER\Downloads\images\test\denny02.jpg
480 640

1 0 319.5 
0 1 239.5 
0 0 1 

0.998018 -0.0619299 0.0111175 
0.0607188 0.901626 -0.428233 
0.0164967 0.42806 0.9036 

647.91

C:\Users\USER\Downloads\images\test\denny03.jpg
480 640

1 0 319.5 
0 1 239.5 
0 0 1 

0.998453 -0.0544912 -0.0110771 
0.0291507 0.682578 -0.730232 
0.0473522 0.728779 0.68311 

649.641

C:\Users\USER\Downloads\images\test\denny04.jpg
480 640

1 0 319.5 
0 1 239.5 
0 0 1 

0.999729 -0.00953739 -0.0212233 
-0.0167974 0.335353 -0.941943 
0.0161011 0.942045 0.335101 

653.868

C:\Users\USER\Downloads\images\test\denny05.jpg
480 640

1 0 319.5 
0 1 239.5 
0 0 1 

0.979589 0.200662 -0.011771 
0.00131658 -0.0649645 -0.997887 
-0.201003 0.977504 -0.0639029 

653.979

C:\Users\USER\Downloads\images\test\denny06.jpg
480 640

1 0 319.5 
0 1 239.5 
0 0 1 

0.980664 0.183844 -0.0670683 
0.0226738 -0.447151 -0.894171 
-0.194378 0.875362 -0.442673 

656.937

C:\Users\USER\Downloads\images\test\denny07.jpg
480 640

1 0 319.5 
0 1 239.5 
0 0 1 

0.981139 0.149475 -0.122564 
0.0321281 -0.751346 -0.659127 
-0.190611 0.642757 -0.741978 

660.037

C:\Users\USER\Downloads\images\test\denny08.jpg
480 640

1 0 319.5 
0 1 239.5 
0 0 1 

0.983794 0.0824018 -0.159241 
0.0333055 -0.956665 -0.289279 
-0.176177 0.279288 -0.943907 

664.589

C:\Users\USER\Downloads\images\test\denny09.jpg
480 640

1 0 319.5 
0 1 239.5 
0 0 1 

0.990175 0.031882 -0.13615 
0.0481071 -0.991896 0.117598 
-0.131297 -0.122992 -0.983684 

669.43

C:\Users\USER\Downloads\images\test\denny10.jpg
480 640

1 0 319.5 
0 1 239.5 
0 0 1 

0.992967 -0.0113247 -0.117847 
0.0483288 -0.869926 0.49081 
-0.108077 -0.493053 -0.86326 

668.706

C:\Users\USER\Downloads\images\test\denny11.jpg
480 640

1 0 319.5 
0 1 239.5 
0 0 1 

0.997537 -0.0586502 -0.0384808 
0.00662178 -0.46739 0.884026 
-0.0698338 -0.882103 -0.465851 

646.805

C:\Users\USER\Downloads\images\test\denny12.jpg
480 640

1 0 319.5 
0 1 239.5 
0 0 1 

0.997853 -0.0650724 -0.0073852 
0.000410065 -0.106558 0.994307 
-0.0654889 -0.992175 -0.106302 

648.241

C:\Users\USER\Downloads\images\test\denny13.jpg
480 640

1 0 319.5 
0 1 239.5 
0 0 1 

0.998057 -0.0622459 -0.0026999 
0.0203339 0.284464 0.958471 
-0.0588929 -0.956664 0.285177 

647.958

C:\Users\USER\Downloads\images\test\denny14.jpg
480 640

1 0 319.5 
0 1 239.5 
0 0 1 

0.998494 -0.0528062 0.0148577 
0.0217591 0.629881 0.776387 
-0.0503566 -0.774894 0.630082 

652.038


