C:\Users\USER\Downloads\images\test\IMG_3393.JPG
800 1200

2 0 599.5 
0 2 399.5 
0 0 1 

0.999874 0.0129999 0.00907124 
-0.0147435 0.972866 0.230898 
-0.00582347 -0.231003 0.972936 

555.967

C:\Users\USER\Downloads\images\test\IMG_3394.JPG
800 1200

2 0 599.5 
0 2 399.5 
0 0 1 

0.99997 0.00749035 -0.00197818 
-0.00749034 0.999972 1.48035e-005 
0.00197823 7.22683e-015 0.999998 

553.687

C:\Users\USER\Downloads\images\test\IMG_3395.JPG
800 1200

2 0 599.5 
0 2 399.5 
0 0 1 

0.999969 0.00764757 -0.00204964 
-0.00764775 0.999971 -8.54051e-005 
0.00204894 0.000101034 0.999998 

553.77

C:\Users\USER\Downloads\images\test\IMG_3396.JPG
800 1200

2 0 599.5 
0 2 399.5 
0 0 1 

0.99984 -0.0119137 -0.0133404 
0.00665449 0.940105 -0.340821 
0.0166017 0.340678 0.940033 

550.666

C:\Users\USER\Downloads\images\test\IMG_3397.JPG
800 1200

2 0 599.5 
0 2 399.5 
0 0 1 

0.999515 -0.0240581 -0.0197628 
0.00878244 0.826838 -0.562371 
0.0298702 0.561925 0.826648 

549.562

C:\Users\USER\Downloads\images\test\IMG_3398.JPG
800 1200

2 0 599.5 
0 2 399.5 
0 0 1 

0.998714 -0.0470695 -0.0188227 
0.00962869 0.540679 -0.841174 
0.0497707 0.839911 0.540436 

545.081

C:\Users\USER\Downloads\images\test\IMG_3399.JPG
800 1200

2 0 599.5 
0 2 399.5 
0 0 1 

0.997278 -0.0736487 -0.00359715 
0.00241763 0.0814162 -0.996677 
0.0736968 0.993955 0.0813726 

542.084

C:\Users\USER\Downloads\images\test\IMG_3400.JPG
800 1200

2 0 599.5 
0 2 399.5 
0 0 1 

0.995502 -0.092608 0.0200114 
-0.0236195 -0.447118 -0.894163 
0.0917541 0.889668 -0.447294 

537.986

