C:\Users\USER\Downloads\images\test\1.jpg
795 1193

1 0 596 
0 1 397 
0 0 1 

0.989546 -0.0461434 0.13664 
0.0104213 0.967835 0.251367 
-0.143844 -0.247315 0.958198 

1088.39

C:\Users\USER\Downloads\images\test\2.jpg
795 1193

1 0 596 
0 1 397 
0 0 1 

0.989619 -0.00878277 0.143449 
0.00869191 0.999961 0.00126007 
-0.143454 -5.3369e-009 0.989657 

1092.06

C:\Users\USER\Downloads\images\test\3.jpg
795 1193

1 0 596 
0 1 397 
0 0 1 

0.991351 0.0369859 0.125918 
-0.00972931 0.977538 -0.210534 
-0.130876 0.207488 0.969443 

1097.65

C:\Users\USER\Downloads\images\test\4.jpg
795 1193

1 0 596 
0 1 397 
0 0 1 

0.991374 0.0729548 0.108885 
-0.0157915 0.891197 -0.453341 
-0.130111 0.447711 0.884662 

1101.75

C:\Users\USER\Downloads\images\test\5.jpg
795 1193

1 0 596 
0 1 397 
0 0 1 

0.992352 0.074502 0.0984247 
0.000764291 0.793611 -0.608425 
-0.12344 0.603847 0.787484 

1106.51

C:\Users\USER\Downloads\images\test\6.jpg
795 1193

1 0 596 
0 1 397 
0 0 1 

0.992804 0.0958358 0.0717982 
0.000800584 0.594254 -0.804277 
-0.119745 0.798547 0.589901 

1113.82

C:\Users\USER\Downloads\images\test\7.jpg
795 1193

1 0 596 
0 1 397 
0 0 1 

0.992664 0.108017 0.0543256 
0.00676404 0.398995 -0.916928 
-0.12072 0.910569 0.395337 

1112.99

C:\Users\USER\Downloads\images\test\8.jpg
795 1193

1 0 596 
0 1 397 
0 0 1 

0.992186 0.121384 0.0288454 
0.00533769 0.18969 -0.98183 
-0.12465 0.974312 0.187559 

1117

C:\Users\USER\Downloads\images\test\9.jpg
795 1193

1 0 596 
0 1 397 
0 0 1 

0.992273 0.12404 -0.00293446 
-0.000714024 -0.0179415 -0.999839 
-0.124073 0.992115 -0.0177143 

1125.51


