C:\Users\USER\Downloads\images\test\prtn00.jpg
384 512

1 0 255.5 
0 1 191.5 
0 0 1 

0.999828 0.00811571 0.0166501 
-0.0132377 0.941825 0.335843 
-0.0129559 -0.336006 0.941771 

704.983

C:\Users\USER\Downloads\images\test\prtn01.jpg
384 512

1 0 255.5 
0 1 191.5 
0 0 1 

0.999766 0.0178212 0.012266 
-0.0178198 0.999841 -0.000218301 
-0.0122679 -2.04711e-007 0.999925 

705.495

C:\Users\USER\Downloads\images\test\prtn02.jpg
384 512

1 0 255.5 
0 1 191.5 
0 0 1 

0.999738 0.0223046 0.00506037 
-0.0190994 0.935885 -0.351787 
-0.0125824 0.351599 0.936066 

705.049

C:\Users\USER\Downloads\images\test\prtn03.jpg
384 512

1 0 255.5 
0 1 191.5 
0 0 1 

0.999738 0.0227583 -0.00233577 
-0.0188586 0.761993 -0.64731 
-0.0129518 0.647185 0.762222 

704.475

C:\Users\USER\Downloads\images\test\prtn04.jpg
384 512

1 0 255.5 
0 1 191.5 
0 0 1 

0.999731 0.0211454 -0.0095565 
-0.0187782 0.495287 -0.868526 
-0.0136322 0.868472 0.495551 

704.779

C:\Users\USER\Downloads\images\test\prtn05.jpg
384 512

1 0 255.5 
0 1 191.5 
0 0 1 

0.99978 0.0158857 -0.0136684 
-0.0160632 0.162009 -0.986658 
-0.0134593 0.986661 0.162228 

704.607

C:\Users\USER\Downloads\images\test\prtn06.jpg
384 512

1 0 255.5 
0 1 191.5 
0 0 1 

0.999787 0.00999773 -0.0180363 
-0.0159596 -0.178758 -0.983763 
-0.0130595 0.983842 -0.178561 

704.194

C:\Users\USER\Downloads\images\test\prtn07.jpg
384 512

1 0 255.5 
0 1 191.5 
0 0 1 

0.99983 0.00360993 -0.0180569 
-0.0137491 -0.505958 -0.862448 
-0.0122494 0.86255 -0.505823 

703.786

C:\Users\USER\Downloads\images\test\prtn08.jpg
384 512

1 0 255.5 
0 1 191.5 
0 0 1 

0.999719 -0.00778341 -0.0223913 
-0.0201767 -0.775218 -0.631372 
-0.0124439 0.631646 -0.775157 

704.569

C:\Users\USER\Downloads\images\test\prtn09.jpg
384 512

1 0 255.5 
0 1 191.5 
0 0 1 

0.99974 -0.0133456 -0.0184604 
-0.0187533 -0.94223 -0.334441 
-0.0129306 0.334701 -0.942236 

704.237

C:\Users\USER\Downloads\images\test\prtn10.jpg
384 512

1 0 255.5 
0 1 191.5 
0 0 1 

0.99977 -0.016995 -0.013054 
-0.0168817 -0.999819 0.00874335 
-0.0132002 -0.00852093 -0.999876 

703.718

C:\Users\USER\Downloads\images\test\prtn11.jpg
384 512

1 0 255.5 
0 1 191.5 
0 0 1 

0.99976 -0.0210729 -0.00600203 
-0.0175896 -0.93522 0.35363 
-0.0130652 -0.35344 -0.935366 

704.612

C:\Users\USER\Downloads\images\test\prtn12.jpg
384 512

1 0 255.5 
0 1 191.5 
0 0 1 

0.999742 -0.0226436 0.00156128 
-0.0182488 -0.760992 0.648504 
-0.0134963 -0.648366 -0.761209 

705.233

C:\Users\USER\Downloads\images\test\prtn13.jpg
384 512

1 0 255.5 
0 1 191.5 
0 0 1 

0.999774 -0.0198129 0.00765418 
-0.0163255 -0.486291 0.873644 
-0.0135872 -0.873572 -0.486505 

705.629

C:\Users\USER\Downloads\images\test\prtn14.jpg
384 512

1 0 255.5 
0 1 191.5 
0 0 1 

0.999781 -0.0155069 0.0140545 
-0.0164121 -0.164236 0.986285 
-0.012986 -0.986299 -0.164454 

706.641

C:\Users\USER\Downloads\images\test\prtn15.jpg
384 512

1 0 255.5 
0 1 191.5 
0 0 1 

0.999761 -0.00960925 0.0196584 
-0.0174912 0.188842 0.981852 
-0.0131472 -0.981961 0.188629 

706.693

C:\Users\USER\Downloads\images\test\prtn16.jpg
384 512

1 0 255.5 
0 1 191.5 
0 0 1 

0.99974 -0.00196652 0.0226968 
-0.0185501 0.508082 0.861109 
-0.0132253 -0.861306 0.507914 

705.924

C:\Users\USER\Downloads\images\test\prtn17.jpg
384 512

1 0 255.5 
0 1 191.5 
0 0 1 

0.999746 0.00512073 0.0219301 
-0.0179187 0.770734 0.636905 
-0.0136408 -0.637136 0.77063 

706.476


