C:\Users\USER\Downloads\images\test\IMG_3326.JPG
600 900

1 0 449.5 
0 1 299.5 
0 0 1 

0.983244 -0.0813359 0.163141 
0.00975116 0.917128 0.398474 
-0.182032 -0.390207 0.902554 

704.568

C:\Users\USER\Downloads\images\test\IMG_3327.JPG
600 900

1 0 449.5 
0 1 299.5 
0 0 1 

0.982857 -0.0111736 0.18403 
0.0109828 0.999938 0.00205596 
-0.184041 3.58242e-007 0.982919 

710.15

C:\Users\USER\Downloads\images\test\IMG_3328.JPG
600 900

1 0 449.5 
0 1 299.5 
0 0 1 

0.983174 0.046446 0.176671 
0.0101925 0.951682 -0.306915 
-0.18239 0.303551 0.935196 

712.725

C:\Users\USER\Downloads\images\test\IMG_3329.JPG
600 900

1 0 449.5 
0 1 299.5 
0 0 1 

0.983155 0.0849494 0.161831 
0.0079744 0.864645 -0.502321 
-0.182598 0.49515 0.849403 

710.885

C:\Users\USER\Downloads\images\test\IMG_3330.JPG
600 900

1 0 449.5 
0 1 299.5 
0 0 1 

0.98283 0.122343 0.138118 
0.00788749 0.720018 -0.69391 
-0.184343 0.683085 0.706691 

709.014

C:\Users\USER\Downloads\images\test\IMG_3331.JPG
600 900

1 0 449.5 
0 1 299.5 
0 0 1 

0.981898 0.14005 0.127526 
0.0103174 0.632728 -0.774306 
-0.18913 0.761605 0.619829 

708.473

C:\Users\USER\Downloads\images\test\IMG_3332.JPG
600 900

1 0 449.5 
0 1 299.5 
0 0 1 

0.981983 0.168964 0.0846211 
0.0108641 0.396583 -0.917935 
-0.188657 0.902315 0.387602 

707.18

C:\Users\USER\Downloads\images\test\IMG_3333.JPG
600 900

1 0 449.5 
0 1 299.5 
0 0 1 

0.981843 0.184897 0.0424016 
0.0125051 0.15995 -0.987046 
-0.189284 0.969654 0.154733 

703.691

C:\Users\USER\Downloads\images\test\IMG_3334.JPG
600 900

1 0 449.5 
0 1 299.5 
0 0 1 

0.981311 0.19221 -0.00914521 
0.0131534 -0.114416 -0.993346 
-0.191977 0.974661 -0.114806 

703.067

C:\Users\USER\Downloads\images\test\IMG_3335.JPG
600 900

1 0 449.5 
0 1 299.5 
0 0 1 

0.98122 0.174267 -0.0826939 
0.0122879 -0.484307 -0.874812 
-0.1925 0.857367 -0.477353 

703.046

C:\Users\USER\Downloads\images\test\IMG_3336.JPG
600 900

1 0 449.5 
0 1 299.5 
0 0 1 

0.981122 0.125985 -0.146722 
0.0117164 -0.796016 -0.605163 
-0.193034 0.59202 -0.782465 

706.333

C:\Users\USER\Downloads\images\test\IMG_3337.JPG
600 900

1 0 449.5 
0 1 299.5 
0 0 1 

0.98156 0.0615667 -0.180968 
0.0158165 -0.969625 -0.244086 
-0.190498 0.236723 -0.952719 

729.393

C:\Users\USER\Downloads\images\test\IMG_3338.JPG
600 900

1 0 449.5 
0 1 299.5 
0 0 1 

0.981737 0.0157303 -0.189594 
0.0140025 -0.999848 -0.010449 
-0.189729 0.00760341 -0.981807 

729.872

C:\Users\USER\Downloads\images\test\IMG_3339.JPG
600 900

1 0 449.5 
0 1 299.5 
0 0 1 

0.981696 -0.0298006 -0.188109 
0.0122876 -0.975715 0.218702 
-0.190058 -0.21701 -0.957489 

727.362

C:\Users\USER\Downloads\images\test\IMG_3340.JPG
600 900

1 0 449.5 
0 1 299.5 
0 0 1 

0.981678 -0.0752476 -0.175059 
0.0114 -0.893884 0.448155 
-0.190205 -0.441939 -0.876648 

724.971

C:\Users\USER\Downloads\images\test\IMG_3341.JPG
600 900

1 0 449.5 
0 1 299.5 
0 0 1 

0.981555 -0.120949 -0.14806 
0.0111035 -0.737074 0.675721 
-0.190859 -0.664901 -0.722135 

723.234

C:\Users\USER\Downloads\images\test\IMG_3342.JPG
600 900

1 0 449.5 
0 1 299.5 
0 0 1 

0.981481 -0.161251 -0.103409 
0.00907057 -0.5001 0.86592 
-0.191346 -0.850822 -0.489376 

721.717

C:\Users\USER\Downloads\images\test\IMG_3343.JPG
600 900

1 0 449.5 
0 1 299.5 
0 0 1 

0.981476 -0.17209 -0.0842055 
0.00894473 -0.397876 0.917395 
-0.191378 -0.901154 -0.388967 

720.645

C:\Users\USER\Downloads\images\test\IMG_3344.JPG
600 900

1 0 449.5 
0 1 299.5 
0 0 1 

0.981089 -0.193267 -0.0105815 
0.01064 -0.000735179 0.999943 
-0.193264 -0.981146 0.00133516 

715.718

C:\Users\USER\Downloads\images\test\IMG_3345.JPG
600 900

1 0 449.5 
0 1 299.5 
0 0 1 

0.981125 -0.185836 0.05347 
0.0108125 0.328796 0.944339 
-0.193073 -0.925936 0.324599 

714.577

C:\Users\USER\Downloads\images\test\IMG_3346.JPG
600 900

1 0 449.5 
0 1 299.5 
0 0 1 

0.981062 -0.170548 0.0918233 
0.0107954 0.521467 0.853203 
-0.193395 -0.836054 0.513432 

712.287

C:\Users\USER\Downloads\images\test\IMG_3347.JPG
600 900

1 0 449.5 
0 1 299.5 
0 0 1 

0.980909 -0.138358 0.136659 
0.011011 0.741112 0.671291 
-0.194158 -0.65697 0.728486 

709.584

C:\Users\USER\Downloads\images\test\IMG_3348.JPG
600 900

1 0 449.5 
0 1 299.5 
0 0 1 

0.980892 -0.0868673 0.174081 
0.0132327 0.9225 0.385771 
-0.1941 -0.376096 0.906023 

704.279

