C:\Users\USER\Downloads\images\test\IMG_3369.JPG
800 1200

2 0 599.5 
0 2 399.5 
0 0 1 

0.997062 -0.00721333 0.0762569 
-0.025421 0.907968 0.418267 
-0.072256 -0.418977 0.905117 

460.255

C:\Users\USER\Downloads\images\test\IMG_3370.JPG
800 1200

2 0 599.5 
0 2 399.5 
0 0 1 

0.998936 0.0406166 0.0218329 
-0.0406069 0.999175 -0.000887535 
-0.0218509 -1.08828e-008 0.999761 

499.028

C:\Users\USER\Downloads\images\test\IMG_3371.JPG
800 1200

2 0 599.5 
0 2 399.5 
0 0 1 

0.999008 0.0442477 0.0050515 
-0.0390016 0.923994 -0.380412 
-0.0215 0.379838 0.924803 

496.822

C:\Users\USER\Downloads\images\test\IMG_3372.JPG
800 1200

2 0 599.5 
0 2 399.5 
0 0 1 

0.99881 0.0463427 -0.0151843 
-0.0444618 0.737457 -0.673929 
-0.0200339 0.673803 0.73864 

496.332

C:\Users\USER\Downloads\images\test\IMG_3373.JPG
800 1200

2 0 599.5 
0 2 399.5 
0 0 1 

0.999076 0.0329274 -0.0276238 
-0.0386721 0.408222 -0.912063 
-0.0187552 0.912289 0.409118 

493.6

C:\Users\USER\Downloads\images\test\IMG_3374.JPG
800 1200

2 0 599.5 
0 2 399.5 
0 0 1 

0.99904 0.016385 -0.0406201 
-0.0404843 -0.00853525 -0.999144 
-0.0167177 0.999829 -0.00786353 

490.387

C:\Users\USER\Downloads\images\test\IMG_3375.JPG
800 1200

2 0 599.5 
0 2 399.5 
0 0 1 

0.998915 -0.00639378 -0.0461393 
-0.0436428 -0.474656 -0.879088 
-0.0162796 0.880148 -0.47442 

486.176

C:\Users\USER\Downloads\images\test\IMG_3376.JPG
800 1200

2 0 599.5 
0 2 399.5 
0 0 1 

0.998964 -0.0256599 -0.0375695 
-0.0427048 -0.813644 -0.579793 
-0.0156908 0.580797 -0.813898 

481.582

C:\Users\USER\Downloads\images\test\IMG_3377.JPG
800 1200

2 0 599.5 
0 2 399.5 
0 0 1 

0.998969 -0.0368351 -0.026547 
-0.0427169 -0.960628 -0.274533 
-0.0153894 0.275384 -0.961211 

476.777

C:\Users\USER\Downloads\images\test\IMG_3378.JPG
800 1200

2 0 599.5 
0 2 399.5 
0 0 1 

0.999065 -0.0426753 -0.00695021 
-0.0407635 -0.983245 0.177672 
-0.014416 -0.177223 -0.984065 

471.188

C:\Users\USER\Downloads\images\test\IMG_3379.JPG
800 1200

2 0 599.5 
0 2 399.5 
0 0 1 

0.998714 -0.0478086 0.0168719 
-0.0485516 -0.806094 0.589793 
-0.0145969 -0.589854 -0.807378 

464.011

C:\Users\USER\Downloads\images\test\IMG_3381.JPG
800 1200

2 0 599.5 
0 2 399.5 
0 0 1 

0.998612 -0.0361064 0.0383407 
-0.0497045 -0.405457 0.912762 
-0.017411 -0.913401 -0.40669 

462.359

C:\Users\USER\Downloads\images\test\IMG_3382.JPG
800 1200

2 0 599.5 
0 2 399.5 
0 0 1 

0.998737 -0.0169776 0.0472953 
-0.0466374 0.0372518 0.998217 
-0.0187092 -0.999162 0.0364128 

456.446

C:\Users\USER\Downloads\images\test\IMG_3383.JPG
800 1200

2 0 599.5 
0 2 399.5 
0 0 1 

0.998879 0.00309791 0.0472427 
-0.0430894 0.472919 0.880052 
-0.0196157 -0.881101 0.472522 

455.809

C:\Users\USER\Downloads\images\test\IMG_3384.JPG
800 1200

2 0 599.5 
0 2 399.5 
0 0 1 

0.999339 0.0156913 0.0328124 
-0.0321124 0.804259 0.593411 
-0.0170782 -0.594072 0.80423 

458.297


