C:\Users\USER\Downloads\images\test\grail00.jpg
384 512

1 0 255.5 
0 1 191.5 
0 0 1 

0.999828 0.0149894 0.010937 
-0.0178596 0.937288 0.348099 
-0.00503325 -0.348235 0.937394 

629.922

C:\Users\USER\Downloads\images\test\grail01.jpg
384 512

1 0 255.5 
0 1 191.5 
0 0 1 

0.999848 0.0171573 0.00319491 
-0.0171572 0.999853 -5.47117e-005 
-0.00319538 -1.81221e-008 0.999995 

630.447

C:\Users\USER\Downloads\images\test\grail02.jpg
384 512

1 0 255.5 
0 1 191.5 
0 0 1 

0.99992 0.0116404 -0.00491528 
-0.0126187 0.940068 -0.340753 
0.00065414 0.340788 0.94014 

630.206

C:\Users\USER\Downloads\images\test\grail03.jpg
384 512

1 0 255.5 
0 1 191.5 
0 0 1 

0.999905 0.0093725 -0.0101339 
-0.0137003 0.763472 -0.645696 
0.00168513 0.645773 0.763527 

631.103

C:\Users\USER\Downloads\images\test\grail04.jpg
384 512

1 0 255.5 
0 1 191.5 
0 0 1 

0.999873 0.00606778 -0.014753 
-0.0157892 0.508237 -0.861072 
0.00227324 0.861196 0.508268 

628.803

C:\Users\USER\Downloads\images\test\grail05.jpg
384 512

1 0 255.5 
0 1 191.5 
0 0 1 

0.999808 0.00138263 -0.0195344 
-0.0194574 0.18304 -0.982913 
0.00221657 0.983105 0.183032 

629.926

C:\Users\USER\Downloads\images\test\grail06.jpg
384 512

1 0 255.5 
0 1 191.5 
0 0 1 

0.999804 -0.00441416 -0.0193064 
-0.01977 -0.164835 -0.986123 
0.00117053 0.986311 -0.16489 

628.942

C:\Users\USER\Downloads\images\test\grail07.jpg
384 512

1 0 255.5 
0 1 191.5 
0 0 1 

0.999826 -0.0095715 -0.0160434 
-0.0186747 -0.488634 -0.872289 
0.000509734 0.872436 -0.488728 

628.83

C:\Users\USER\Downloads\images\test\grail08.jpg
384 512

1 0 255.5 
0 1 191.5 
0 0 1 

0.999864 -0.0125712 -0.0106403 
-0.016469 -0.756871 -0.653356 
0.000160136 0.653443 -0.756976 

628.502

C:\Users\USER\Downloads\images\test\grail09.jpg
384 512

1 0 255.5 
0 1 191.5 
0 0 1 

0.999849 -0.0162698 -0.00614082 
-0.0173898 -0.937467 -0.347639 
-0.000100843 0.347693 -0.937608 

627.916

C:\Users\USER\Downloads\images\test\grail10.jpg
384 512

1 0 255.5 
0 1 191.5 
0 0 1 

0.999914 -0.0131297 0.000932021 
-0.0131246 -0.9999 -0.00530451 
0.00100158 0.00529176 -0.999986 

627.584

C:\Users\USER\Downloads\images\test\grail11.jpg
384 512

1 0 255.5 
0 1 191.5 
0 0 1 

0.999847 -0.0159899 0.00710214 
-0.0174525 -0.940163 0.340277 
0.00123622 -0.340349 -0.940298 

625.315

C:\Users\USER\Downloads\images\test\grail12.jpg
384 512

1 0 255.5 
0 1 191.5 
0 0 1 

0.999898 -0.00952014 0.0106719 
-0.0141494 -0.766987 0.641507 
0.00207796 -0.641592 -0.767043 

627.699

C:\Users\USER\Downloads\images\test\grail13.jpg
384 512

1 0 255.5 
0 1 191.5 
0 0 1 

0.999846 -0.00663798 0.016248 
-0.0173955 -0.497973 0.867018 
0.00233578 -0.867167 -0.498012 

627.552

C:\Users\USER\Downloads\images\test\grail14.jpg
384 512

1 0 255.5 
0 1 191.5 
0 0 1 

0.999862 -0.00103713 0.0165714 
-0.0164929 -0.177198 0.984037 
0.00191581 -0.984175 -0.17719 

627.265

C:\Users\USER\Downloads\images\test\grail15.jpg
384 512

1 0 255.5 
0 1 191.5 
0 0 1 

0.999822 0.00505595 0.0181784 
-0.0187762 0.171471 0.98501 
0.00186309 -0.985176 0.171535 

625.937

C:\Users\USER\Downloads\images\test\grail16.jpg
384 512

1 0 255.5 
0 1 191.5 
0 0 1 

0.999835 0.0101331 0.0150262 
-0.0180761 0.497574 0.867233 
0.00131105 -0.867362 0.497675 

626.299

C:\Users\USER\Downloads\images\test\grail17.jpg
384 512

1 0 255.5 
0 1 191.5 
0 0 1 

0.999844 0.0128958 0.0120473 
-0.0176449 0.742622 0.669478 
-0.000313169 -0.669586 0.742734 

628.789


