C:\Users\USER\Downloads\images\test\lake1_01.JPG
800 1200

2 0 599.5 
0 2 399.5 
0 0 1 

0.998836 0.0371938 0.0306934 
-0.0430461 0.974587 0.219834 
-0.0217368 -0.2209 0.975055 

478.412

C:\Users\USER\Downloads\images\test\lake1_02.JPG
800 1200

2 0 599.5 
0 2 399.5 
0 0 1 

0.999059 0.0379549 0.0209727 
-0.0379465 0.999279 -0.000796807 
-0.0209878 8.82828e-008 0.99978 

481.257

C:\Users\USER\Downloads\images\test\lake1_03.JPG
800 1200

2 0 599.5 
0 2 399.5 
0 0 1 

0.999164 0.0408669 0.00137013 
-0.0368714 0.914953 -0.401873 
-0.0176769 0.401486 0.915695 

482.145

C:\Users\USER\Downloads\images\test\lake1_04.JPG
800 1200

2 0 599.5 
0 2 399.5 
0 0 1 

0.999266 0.0348884 -0.0157906 
-0.03578 0.703588 -0.709707 
-0.0136504 0.709751 0.704321 

481.056

C:\Users\USER\Downloads\images\test\lake1_05.JPG
800 1200

2 0 599.5 
0 2 399.5 
0 0 1 

0.999257 0.0253735 -0.0290186 
-0.0371809 0.435782 -0.899284 
-0.0101722 0.899694 0.436402 

479.446

C:\Users\USER\Downloads\images\test\lake1_06.JPG
800 1200

2 0 599.5 
0 2 399.5 
0 0 1 

0.999182 0.0102696 -0.0391105 
-0.0397434 0.0711278 -0.996675 
-0.00745358 0.997414 0.0714778 

476.869

C:\Users\USER\Downloads\images\test\lake1_07.JPG
800 1200

2 0 599.5 
0 2 399.5 
0 0 1 

0.999044 -0.0145471 -0.0412165 
-0.0432847 -0.460256 -0.886731 
-0.00607075 0.887667 -0.460445 

475.221

C:\Users\USER\Downloads\images\test\lake1_08.JPG
800 1200

2 0 599.5 
0 2 399.5 
0 0 1 

0.998921 -0.0286701 -0.0365386 
-0.0460665 -0.711734 -0.700937 
-0.0059098 0.701864 -0.712286 

473.786

C:\Users\USER\Downloads\images\test\lake1_09.JPG
800 1200

2 0 599.5 
0 2 399.5 
0 0 1 

0.998646 -0.0459933 -0.0243041 
-0.0513033 -0.948069 -0.3139 
-0.00860468 0.314722 -0.949145 

472.431

C:\Users\USER\Downloads\images\test\lake1_10.JPG
800 1200

2 0 599.5 
0 2 399.5 
0 0 1 

0.998583 -0.0520345 -0.0111459 
-0.0518672 -0.998544 0.0148093 
-0.0119003 -0.0142102 -0.999828 

469.468

C:\Users\USER\Downloads\images\test\lake1_11.JPG
800 1200

2 0 599.5 
0 2 399.5 
0 0 1 

0.998598 -0.0528434 0.00317389 
-0.0506264 -0.935737 0.349047 
-0.0154749 -0.348718 -0.9371 

467.555

C:\Users\USER\Downloads\images\test\lake1_12.JPG
800 1200

2 0 599.5 
0 2 399.5 
0 0 1 

0.998672 -0.0453522 0.0244608 
-0.0485999 -0.671273 0.739615 
-0.0171233 -0.739822 -0.672585 

465.015

C:\Users\USER\Downloads\images\test\lake1_13.JPG
800 1200

2 0 599.5 
0 2 399.5 
0 0 1 

0.998885 -0.0262535 0.0392429 
-0.0435837 -0.19306 0.980219 
-0.0181579 -0.980836 -0.193989 

463.819

C:\Users\USER\Downloads\images\test\lake1_14.JPG
800 1200

2 0 599.5 
0 2 399.5 
0 0 1 

0.998898 -0.00300686 0.0468396 
-0.0435624 0.312121 0.949043 
-0.0174732 -0.950038 0.311645 

471.75

C:\Users\USER\Downloads\images\test\lake1_15.JPG
800 1200

2 0 599.5 
0 2 399.5 
0 0 1 

0.998873 0.0187574 0.0436052 
-0.0446408 0.683512 0.728573 
-0.0161384 -0.729699 0.683579 

473.617

C:\Users\USER\Downloads\images\test\lake1_16.JPG
800 1200

2 0 599.5 
0 2 399.5 
0 0 1 

0.99881 0.0305894 0.0379822 
-0.0442784 0.895232 0.443396 
-0.0204396 -0.44455 0.895521 

479.126

