C:\Users\USER\Downloads\images\test\lake1_01.JPG
800 1200

2 0 599.5 
0 2 399.5 
0 0 1 

0.998629 0.0457983 0.0253606 
-0.0515871 0.943341 0.327792 
-0.0089114 -0.32865 0.94441 

471.707

C:\Users\USER\Downloads\images\test\lake1_02.JPG
800 1200

2 0 599.5 
0 2 399.5 
0 0 1 

0.998578 0.0518899 0.0122119 
-0.051886 0.998653 -0.000634548 
-0.0122283 3.39985e-008 0.999925 

468.837

C:\Users\USER\Downloads\images\test\lake1_03.JPG
800 1200

2 0 599.5 
0 2 399.5 
0 0 1 

0.998597 0.0528996 -0.00219486 
-0.0505595 0.940478 -0.336072 
-0.0157138 0.335712 0.941834 

467.152

C:\Users\USER\Downloads\images\test\lake1_04.JPG
800 1200

2 0 599.5 
0 2 399.5 
0 0 1 

0.998671 0.0457377 -0.023735 
-0.04856 0.681236 -0.730452 
-0.01724 0.730634 0.682552 

464.859

C:\Users\USER\Downloads\images\test\lake1_05.JPG
800 1200

2 0 599.5 
0 2 399.5 
0 0 1 

0.998875 0.026939 -0.0390277 
-0.0437548 0.206201 -0.977531 
-0.0182861 0.978139 0.207147 

463.693

C:\Users\USER\Downloads\images\test\lake1_06.JPG
800 1200

2 0 599.5 
0 2 399.5 
0 0 1 

0.998884 0.00367217 -0.0470882 
-0.0438423 -0.298741 -0.953326 
-0.017568 0.954327 -0.298247 

473.31

C:\Users\USER\Downloads\images\test\lake1_07.JPG
800 1200

2 0 599.5 
0 2 399.5 
0 0 1 

0.998879 -0.0176496 -0.0439088 
-0.0443679 -0.672029 -0.739195 
-0.0164614 0.740315 -0.672059 

475.623

C:\Users\USER\Downloads\images\test\lake1_08.JPG
800 1200

2 0 599.5 
0 2 399.5 
0 0 1 

0.998815 -0.0300167 -0.0382902 
-0.0442444 -0.887745 -0.458203 
-0.0202382 0.459355 -0.888022 

481.683

C:\Users\USER\Downloads\images\test\lake1_09.JPG
800 1200

2 0 599.5 
0 2 399.5 
0 0 1 

0.99887 -0.036067 -0.0309305 
-0.0423902 -0.970521 -0.237257 
-0.0214615 0.238301 -0.970954 

478.431

C:\Users\USER\Downloads\images\test\lake1_10.JPG
800 1200

2 0 599.5 
0 2 399.5 
0 0 1 

0.999049 -0.0379887 -0.0213852 
-0.0383592 -0.999116 -0.0171889 
-0.0207133 0.0179932 -0.999624 

481.561

C:\Users\USER\Downloads\images\test\lake1_11.JPG
800 1200

2 0 599.5 
0 2 399.5 
0 0 1 

0.999159 -0.0409679 -0.00196394 
-0.0370467 -0.922002 0.385409 
-0.0176002 -0.385012 -0.922744 

481.51

C:\Users\USER\Downloads\images\test\lake1_12.JPG
800 1200

2 0 599.5 
0 2 399.5 
0 0 1 

0.999259 -0.0353539 0.0152359 
-0.0359589 -0.715836 0.697342 
-0.0137474 -0.697373 -0.716577 

480.335

C:\Users\USER\Downloads\images\test\lake1_13.JPG
800 1200

2 0 599.5 
0 2 399.5 
0 0 1 

0.999248 -0.0261125 0.0286657 
-0.0373669 -0.450971 0.891756 
-0.0103585 -0.892156 -0.451608 

478.817

C:\Users\USER\Downloads\images\test\lake1_14.JPG
800 1200

2 0 599.5 
0 2 399.5 
0 0 1 

0.99918 -0.0111253 0.038929 
-0.0397549 -0.0874999 0.995371 
-0.0076675 -0.996103 -0.0878705 

476.141

C:\Users\USER\Downloads\images\test\lake1_15.JPG
800 1200

2 0 599.5 
0 2 399.5 
0 0 1 

0.999038 0.0137499 0.0416536 
-0.0434099 0.446249 0.893856 
-0.00629742 -0.894803 0.446416 

474.707

C:\Users\USER\Downloads\images\test\lake1_16.JPG
800 1200

2 0 599.5 
0 2 399.5 
0 0 1 

0.998913 0.0280375 0.0372275 
-0.0461992 0.700851 0.71181 
-0.00613354 -0.712757 0.701385 

473.234

