C:\Users\USER\Downloads\images\test\IMG_8709.JPG
540 720

1 0 359.5 
0 1 269.5 
0 0 1 

0.982699 -0.0115901 0.184845 
0.0113903 0.999933 0.00214262 
-0.184858 7.42132e-008 0.982765 

1872.37

C:\Users\USER\Downloads\images\test\IMG_8710.JPG
540 720

1 0 359.5 
0 1 269.5 
0 0 1 

0.982342 0.000385858 0.187095 
0.00872444 0.998816 -0.0478675 
-0.186892 0.0486548 0.981175 

1864.11

C:\Users\USER\Downloads\images\test\IMG_8711.JPG
540 720

1 0 359.5 
0 1 269.5 
0 0 1 

0.984707 0.0344669 0.170777 
-0.00784526 0.988014 -0.154168 
-0.174044 0.150471 0.973174 

1868.85

C:\Users\USER\Downloads\images\test\IMG_8712.JPG
540 720

1 0 359.5 
0 1 269.5 
0 0 1 

0.982994 0.036534 0.179968 
0.00270719 0.977021 -0.213124 
-0.183619 0.209987 0.960307 

1868.39

C:\Users\USER\Downloads\images\test\IMG_8713.JPG
540 720

1 0 359.5 
0 1 269.5 
0 0 1 

0.986683 0.0639291 0.149565 
-0.00998567 0.941597 -0.336594 
-0.162348 0.330618 0.929696 

1866.71

C:\Users\USER\Downloads\images\test\IMG_8714.JPG
540 720

1 0 359.5 
0 1 269.5 
0 0 1 

0.983874 0.0936632 0.152377 
-0.00609986 0.869001 -0.494772 
-0.178758 0.485865 0.855559 

1862.51

C:\Users\USER\Downloads\images\test\IMG_8715.JPG
540 720

1 0 359.5 
0 1 269.5 
0 0 1 

0.982727 0.127105 0.134508 
-0.00261275 0.73628 -0.676672 
-0.185044 0.664632 0.723894 

1861.54

C:\Users\USER\Downloads\images\test\IMG_8716.JPG
540 720

1 0 359.5 
0 1 269.5 
0 0 1 

0.982466 0.148705 0.112459 
0.00087441 0.599508 -0.800369 
-0.186439 0.786433 0.588866 

1859.89

C:\Users\USER\Downloads\images\test\IMG_8717.JPG
540 720

1 0 359.5 
0 1 269.5 
0 0 1 

0.981233 0.169516 0.0919042 
-0.0037676 0.49338 -0.869806 
-0.19279 0.853136 0.484759 

1857.75

C:\Users\USER\Downloads\images\test\IMG_8718.JPG
540 720

1 0 359.5 
0 1 269.5 
0 0 1 

0.978602 0.189594 0.0799511 
0.000889975 0.384658 -0.923059 
-0.20576 0.903379 0.376258 

1857.85

C:\Users\USER\Downloads\images\test\IMG_8719.JPG
540 720

1 0 359.5 
0 1 269.5 
0 0 1 

0.980883 0.185568 0.0585898 
0.010476 0.25029 -0.968114 
-0.194315 0.950221 0.243561 

1857.64


